...Wave Drag Slice...
Inlet Area: 0.000000
Exit Area: 0.000000

Theta:   0.00, Start: -12.38, End:   7.65
         0.00000000,        271.28799404
         0.05263158,          0.19134746
         0.10526316,          0.19134746
         0.15789474,          0.19203632
         0.21052632,          0.29716808
         0.26315789,          0.48761360
         0.31578947,          0.70770671
         0.36842105,          1.17131600
         0.42105263,          2.43684383
         0.47368421,          4.61390283
         0.52631579,          7.09355413
         0.57894737,          8.85269771
         0.63157895,         10.08958373
         0.68421053,         15.95617172
         0.73684211,         12.21721799
         0.78947368,          6.89327277
         0.84210526,          5.51970306
         0.89473684,          3.88562329
         0.94736842,          1.99482227
         1.00000000,          0.00001705

Theta:  20.00, Start: -12.56, End:   8.69
         0.00000000,          0.00003454
         0.05263158,          0.19134746
         0.10526316,          0.19134746
         0.15789474,          0.20223437
         0.21052632,          0.37078133
         0.26315789,          0.71535822
         0.31578947,          1.01378163
         0.36842105,          1.78752050
         0.42105263,          3.73116637
         0.47368421,          6.60007233
         0.52631579,          9.13995554
         0.57894737,         10.64401761
         0.63157895,         10.39283737
         0.68421053,          9.25017210
         0.73684211,          8.45070224
         0.78947368,          6.78688737
         0.84210526,          4.94395653
         0.89473684,          2.72571898
         0.94736842,          0.49790987
         1.00000000,          0.00003386

Theta:  40.00, Start: -17.32, End:  15.42
         0.00000000,          0.00000013
         0.05263158,          0.04022618
         0.10526316,          0.09413734
         0.15789474,          0.34022116
         0.21052632,          0.40046417
         0.26315789,          0.60846577
         0.31578947,          1.07109754
         0.36842105,          1.67856771
         0.42105263,          4.37971966
         0.47368421,          8.74255639
         0.52631579,          9.98878690
         0.57894737,          9.07874646
         0.63157895,          7.32712765
         0.68421053,          4.51248147
         0.73684211,          1.05685508
         0.78947368,          0.44606456
         0.84210526,          0.35397174
         0.89473684,          0.25832110
         0.94736842,          0.18032424
         1.00000000,          0.00003624

Theta:  60.00, Start: -23.53, End:  20.37
         0.00000000,          0.00000011
         0.05263158,          0.03976574
         0.10526316,          0.08211747
         0.15789474,          0.12957394
         0.21052632,          0.17844339
         0.26315789,          0.44450330
         0.31578947,          0.61029289
         0.36842105,          1.15332421
         0.42105263,          1.82876324
         0.47368421,          7.85448112
         0.52631579,          9.66137135
         0.57894737,          8.72559414
         0.63157895,          5.18690072
         0.68421053,          0.40165243
         0.73684211,          0.35930304
         0.78947368,          0.30625962
         0.84210526,          0.23232817
         0.89473684,          0.16998683
         0.94736842,          0.11392013
         1.00000000,          0.00002137

Theta:  80.00, Start: -27.24, End:  22.65
         0.00000000,          0.00000010
         0.05263158,          0.03917492
         0.10526316,          0.07813122
         0.15789474,          0.12258714
         0.21052632,          0.16887475
         0.26315789,          0.42762681
         0.31578947,          0.49990114
         0.36842105,          0.98599713
         0.42105263,          1.57822343
         0.47368421,          7.08786179
         0.52631579,          9.54506759
         0.57894737,          8.72445214
         0.63157895,          3.78816153
         0.68421053,          0.34321045
         0.73684211,          0.30604055
         0.78947368,          0.25588774
         0.84210526,          0.19089199
         0.89473684,          0.14073348
         0.94736842,          0.09325981
         1.00000000,          0.00000529

Theta: 100.00, Start: -28.01, End:  21.89
         0.00000000,          0.00000010
         0.05263158,          0.04086365
         0.10526316,          0.08039821
         0.15789474,          0.12626697
         0.21052632,          0.17496148
         0.26315789,          0.43527816
         0.31578947,          0.52311852
         0.36842105,          1.06078531
         0.42105263,          1.63057608
         0.47368421,          6.14370870
         0.52631579,          9.38682209
         0.57894737,          9.34175001
         0.63157895,          4.12557570
         0.68421053,          0.33653983
         0.73684211,          0.29941484
         0.78947368,          0.24855698
         0.84210526,          0.18402344
         0.89473684,          0.13689907
         0.94736842,          0.09100861
         1.00000000,          0.00000475

Theta: 120.00, Start: -25.73, End:  18.18
         0.00000000,          0.00000012
         0.05263158,          0.04544774
         0.10526316,          0.09064665
         0.15789474,          0.14337330
         0.21052632,          0.28459662
         0.26315789,          0.47237420
         0.31578947,          0.77418615
         0.36842105,          1.36803053
         0.42105263,          1.75999904
         0.47368421,          5.17673476
         0.52631579,          9.15496208
         0.57894737,         10.12458409
         0.63157895,          6.85404632
         0.68421053,          0.37655711
         0.73684211,          0.33476655
         0.78947368,          0.27868265
         0.84210526,          0.20759432
         0.89473684,          0.15502569
         0.94736842,          0.10437252
         1.00000000,          0.00001329

Theta: 140.00, Start: -20.68, End:  11.96
         0.00000000,          0.00000016
         0.05263158,          0.05408976
         0.10526316,          0.20093256
         0.15789474,          0.37370981
         0.21052632,          0.49559127
         0.26315789,          0.90961558
         0.31578947,          1.42640571
         0.36842105,          1.81505853
         0.42105263,          2.03419807
         0.47368421,          5.16416510
         0.52631579,          8.59219702
         0.57894737,         10.54026644
         0.63157895,          9.89056812
         0.68421053,          7.00372133
         0.73684211,          0.70053272
         0.78947368,          0.37674160
         0.84210526,          0.28659789
         0.89473684,          0.21506247
         0.94736842,          0.14963275
         1.00000000,          0.00002152

Theta: 160.00, Start: -18.01, End:   4.23
         0.00000000,          0.00003454
         0.05263158,          0.19134746
         0.10526316,          0.19134746
         0.15789474,          0.21621304
         0.21052632,          0.38649786
         0.26315789,          0.73095497
         0.31578947,          1.15070153
         0.36842105,          1.59737837
         0.42105263,          1.99223887
         0.47368421,          2.31004961
         0.52631579,          3.67929152
         0.57894737,          6.38286720
         0.63157895,          8.65776655
         0.68421053,         10.61033644
         0.73684211,         10.89689766
         0.78947368,         10.23238517
         0.84210526,          8.80579477
         0.89473684,          5.67409970
         0.94736842,          0.37590416
         1.00000000,          0.00003362

Theta: 180.00, Start: -18.18, End:   2.93
         0.00000000,          0.00003165
         0.05263158,          0.19134746
         0.10526316,          0.19134746
         0.15789474,          0.20174004
         0.21052632,          0.33764341
         0.26315789,          0.56433192
         0.31578947,          0.83394477
         0.36842105,          1.10536377
         0.42105263,          1.28650466
         0.47368421,          1.31717653
         0.52631579,          1.52226837
         0.57894737,          3.45045326
         0.63157895,          9.53838085
         0.68421053,         16.33483479
         0.73684211,          9.74694067
         0.78947368,          9.95735127
         0.84210526,          9.29860150
         0.89473684,          8.00480277
         0.94736842,          5.13736792
         1.00000000,          0.00004790

CDWave:         51.13642483 
